Number of Principal Components: 120
MSE: 0.027522
RMSE: 0.165898
MAE: 0.027492
SNP Matching Accuracy: 97.2523%
