Number of Principal Components: 189
MSE: 0.027657
RMSE: 0.166303
MAE: 0.027588
SNP Matching Accuracy: 97.2446%
