Number of Principal Components: 192
MSE: 0.027252
RMSE: 0.165081
MAE: 0.027206
SNP Matching Accuracy: 97.2817%
